0.08296
0.083002
0.083055
0.083007
0.08316
0.083207
0.083223
0.083309
0.083269
0.08323
 0.083303
 0.083248
 0.083307
 0.083223
 0.083118
 0.082994
 0.083006
 0.082912
 0.082978
 0.083053
 0.083215
 0.083222
 0.083325
 0.083321
 0.083261
 0.083373
 0.083408
 0.083484
 0.083561
 0.083633
 0.083565
 0.083521
 0.083631
 0.083575
 0.083527
 0.083332
 0.08329
 0.083208
 0.083208
 0.0832
 0.08316
 0.082889
 0.08287
 0.082691
 0.082681
 0.082837
 0.082897
 0.082879
 0.082914
 0.082866
 0.082825
 0.082675
 0.082723
 0.082761
 0.082685
 0.082702
 0.082833
 0.082856
 0.083012
 0.083047
 0.08327
 0.083219
 0.083326
 0.083192
 0.08299
 0.083097
 0.083104
 0.083105
 0.083269
 0.083189
 0.083241
 0.08334
 0.083303
 0.083331
 0.083351
 0.083426
 0.083544
 0.083582
 0.083585
 0.083483
 0.083393
 0.083249
 0.083375
 0.083454
 0.083306
 0.083312
 0.083134
 0.083012
 0.082989
 0.08293
 0.082963
 0.083042
 0.08303
 0.082901
 0.083061
 0.08304
 0.08302
 0.083095
 0.083028
 0.083109
0.083039
0.08326
0.083286
0.083281
0.083291
0.083309
0.083299
0.083339
0.083422
0.083385
0.083293
0.083325
0.083304
0.08337
0.083351
0.0833
0.083325
0.083269
0.083271
0.08333
0.083407
0.083303
0.0834
0.0834
0.083495
0.083484
0.083552
0.083591
0.083555
0.083412
0.083391
0.083425
0.083451
0.083461
0.08348
0.083514
0.08352
0.0835
0.083527
0.083487
0.083425
0.083437
0.083437
0.083471
0.0834
0.083466
0.083395
0.083416
0.083453
0.083537
0.0836
0.083552
0.08354
0.083632
0.083562
0.083634
0.083698
0.083651
0.08366
0.083699
0.083733
0.083738
0.08379
0.0838
0.083799
0.08385
0.083949
0.083984
0.083952
0.0841
0.084059
0.084126
0.08414
0.084131
0.084012
0.084072
0.0841
0.084018
0.084048
0.084077
0.084028
0.084003
0.084001
0.084017
0.08402
0.083999
0.083998
0.083994
0.084022
0.08405
0.084042
0.08404
0.084074
0.084055
0.084136
0.084073
0.084113
0.08414
0.084101
0.084007
0.083981
0.08397
0.083969
0.083947
0.083967
0.08405
0.084005
0.083989
0.083995
0.083995
0.083995
0.084036
0.083951
0.083994
0.083982
0.083915
0.08399
0.08395
0.083941
0.083901
0.0838
0.083716
0.083634
0.083487
0.08349
0.083573
0.083503
0.083545
0.083527
0.083474
0.083473
0.083493
0.08364
0.083648
0.083597
0.083596
0.083685
0.083557
0.08356
0.083568
0.08368
0.083683
0.083662
0.083685
0.083603
0.083687
0.083696
0.083739
0.083749
0.083682
0.083713
0.083728
0.083785
0.083868
0.0838
0.083849
0.083875
0.083947
0.083941
0.083999
0.083858
0.083873
0.08386
0.083896
0.083863
0.083932
0.083929
0.083842
0.083874
0.083881
0.083878
0.083803
0.083753
0.08377
0.083813
0.08377
0.083736
0.083809
0.083814
0.083821
0.08385
0.08388
0.083879
0.083837
0.083829
0.083795
0.083843
0.083773
0.08387
0.083786
0.0838
0.083869
0.083859
0.083883
0.083882
0.083972
0.083818
0.083951
0.083972
0.083847
0.083907
0.083854
0.083801
0.083929
0.084022
0.083948
0.083924
0.083995
0.084033
0.084056
0.084098
0.08415
0.084151
0.08415
0.084152
0.08421
0.084296
0.084172
0.084225
0.084243
0.084243
0.0842
0.084147
0.084069
0.084012
0.084075
0.084119
0.084129
0.084113
0.08422
0.084296
0.084165
0.084206
0.084259
0.084185
0.08416
0.084235
0.084265
0.084285
0.084222
0.084292
0.084248
0.084289
0.0841
0.084071
0.084286
0.084173
0.084178
0.084184
0.08428
0.084293
0.084307
0.084356
0.084305
0.084322
0.084379
0.084235
0.084232
0.084267
0.084297
0.084127
0.084098
0.084171
0.084093
0.084296
0.084215
0.084147
0.084188
0.084199
0.08414
0.084163
0.0842
0.084258
0.084286
0.08437
0.084235
0.084263
0.084326
0.084271
0.084177
0.084206
0.084189
0.084113
0.084163
0.084184
0.084171
0.084159
0.084175
0.084264
0.084174
0.084208
0.084289
0.084252
0.084285
0.083893
0.083858
0.083845
0.083991
0.083846
0.083866
0.083941
0.083874
0.083918
0.08409
0.083997
0.084094
0.084003
0.084053
0.084046
0.083971
0.084025
0.084009
0.084002
0.08401
0.084043
0.084042
0.084041
0.08403
0.084051
0.084101
0.084112
0.084112
0.084067
0.08408
0.084167
0.084087
0.084069
0.084111
0.084259
0.084235
0.084175
0.08425
0.084185
0.0843
0.084288
0.084305
0.08437
0.084391
0.084295
0.084395
0.084313
0.084389
0.084419
0.084427
0.084438
0.084437
0.084363
0.084343
0.084398
0.084371
0.084349
0.08432
0.084335
0.084333
0.084358
0.084401
0.084458
0.084507
0.084498
0.084453
0.084454
0.084588
0.08454
0.084654
0.084667
0.084603
0.084635
0.084613
0.084728
0.08479
0.084772
0.084695
0.08473
0.084729
0.08473
0.084794
0.084794
0.08479
0.084713
0.084737
0.084714
0.084769
0.084716
0.084714
0.084776
0.084773
0.084712
0.084766
0.084709
0.08464
0.0847
0.084699
0.08474
0.084646
0.08477
0.084717
0.084781
0.084784
0.084786
0.084649
